SIZE 6
SPACE 1.0
0 0 0 0.0 1.0 0.0 1.0
0 0 1 0.0 1.0 0.0 1.0
0 0 2 0.0 1.0 0.0 1.0
0 0 3 0.0 1.0 0.0 1.0
0 0 4 0.0 1.0 0.0 1.0
0 0 5 0.0 1.0 0.0 1.0
0 1 0 0.0 1.0 0.0 1.0
0 1 1 0.0 1.0 0.0 1.0
0 1 5 0.0 1.0 0.0 1.0
0 4 0 1.0 0.0 0.0 1.0
0 4 1 1.0 0.0 0.0 1.0
0 4 2 1.0 0.0 0.0 1.0
0 4 3 1.0 0.0 0.0 1.0
0 4 4 1.0 0.0 0.0 1.0
0 4 5 1.0 0.0 0.0 1.0
1 0 0 0.0 1.0 0.0 1.0
1 0 1 0.0 0.0 1.0 1.0
1 0 2 1.0 1.0 1.0 1.0
1 0 3 1.0 1.0 1.0 1.0
1 0 4 0.7181479215543731 0.2580195934460794 0.12330899049561683 0.9519072203975628
1 0 5 0.0 0.0 1.0 1.0
1 1 0 0.0 1.0 0.0 1.0
1 1 1 0.0 0.0 1.0 1.0
1 1 2 1.0 1.0 1.0 1.0
1 1 3 1.0 1.0 1.0 1.0
1 1 4 1.0 1.0 1.0 1.0
1 2 0 0.0 1.0 0.0 1.0
1 2 1 0.0 0.0 1.0 1.0
1 2 2 1.0 1.0 1.0 1.0
1 2 3 0.42147683545056625 0.5603214552635525 0.4404105148883598 0.14280353417642344
1 2 4 1.0 1.0 1.0 1.0
1 3 1 0.0 0.0 1.0 1.0
1 3 2 1.0 1.0 1.0 1.0
1 3 3 1.0 1.0 1.0 1.0
1 3 4 1.0 1.0 1.0 1.0
1 4 0 1.0 0.0 0.0 1.0
1 4 1 0.828256466341686 0.00016981665519377742 0.3275619760056806 0.559510862142993
1 4 2 0.7318271378983101 0.7903629206067396 0.647395233539393 0.8724837249873868
1 4 3 0.6878928889251876 0.6277071877367275 0.5552464050018393 0.47776670969522916
1 4 4 0.8761887990775243 0.31930197149184447 0.8452486713377406 0.55556760669043
1 4 5 1.0 0.0 0.0 1.0
1 5 1 1.0 0.0 0.0 1.0
1 5 2 1.0 0.0 0.0 1.0
1 5 3 1.0 0.0 0.0 1.0
1 5 4 1.0 0.0 0.0 1.0
2 0 0 0.0 1.0 0.0 1.0
2 0 1 0.0 0.0 1.0 1.0
2 0 2 0.0 0.0 1.0 1.0
2 0 3 0.0 0.0 1.0 1.0
2 0 4 1.0 1.0 1.0 1.0
2 0 5 0.0 0.0 1.0 1.0
2 1 0 0.0 1.0 0.0 1.0
2 1 1 0.0 0.0 1.0 1.0
2 1 2 0.27979151856554807 0.4124693852344494 0.28451632264436055 0.014938744497609457
2 1 4 1.0 1.0 1.0 1.0
2 2 1 0.0 0.0 1.0 1.0
2 2 4 1.0 1.0 1.0 1.0
2 3 1 0.0 0.0 1.0 1.0
2 3 4 1.0 1.0 1.0 1.0
2 4 0 1.0 0.0 0.0 1.0
2 4 1 0.6571568407892501 0.6685391459762511 0.1313279931641692 0.07343377783275595
2 4 2 0.0 0.0 1.0 1.0
2 4 3 0.0 0.0 1.0 1.0
2 4 4 0.07337840979636123 0.8131380929074735 0.9747416159410647 0.5641343982680443
2 4 5 1.0 0.0 0.0 1.0
2 5 1 1.0 0.0 0.0 1.0
2 5 2 1.0 0.0 0.0 1.0
2 5 3 1.0 0.0 0.0 1.0
2 5 4 1.0 0.0 0.0 1.0
3 0 0 0.0 1.0 0.0 1.0
3 0 1 0.0 0.0 1.0 1.0
3 0 2 0.0 0.0 1.0 1.0
3 0 3 0.0 0.0 1.0 1.0
3 0 4 1.0 1.0 1.0 1.0
3 0 5 0.0 0.0 1.0 1.0
3 1 0 0.0 1.0 0.0 1.0
3 1 1 0.0 0.0 1.0 1.0
3 2 0 0.0 1.0 0.0 1.0
3 2 1 0.0 0.0 1.0 1.0
3 3 0 0.0 1.0 0.0 1.0
3 3 1 0.0 0.0 1.0 1.0
3 3 4 1.0 1.0 1.0 1.0
3 4 0 1.0 0.0 0.0 1.0
3 4 1 0.3220811112125056 0.9269743847296541 0.24552855240068394 0.5449915324500267
3 4 2 0.0 0.0 1.0 1.0
3 4 3 0.0 0.0 1.0 1.0
3 4 4 0.006565902194696327 0.7172390057641329 0.7586534754467797 0.3981052536305859
3 4 5 1.0 0.0 0.0 1.0
3 5 1 1.0 0.0 0.0 1.0
3 5 2 1.0 0.0 0.0 1.0
3 5 3 1.0 0.0 0.0 1.0
3 5 4 1.0 0.0 0.0 1.0
4 0 0 0.0 1.0 0.0 1.0
4 0 1 0.0 0.0 1.0 1.0
4 0 2 1.0 1.0 1.0 1.0
4 0 3 1.0 1.0 1.0 1.0
4 0 4 1.0 1.0 1.0 1.0
4 0 5 0.0 0.0 1.0 1.0
4 1 0 0.0 1.0 0.0 1.0
4 1 1 0.0 0.0 1.0 1.0
4 1 2 1.0 1.0 1.0 1.0
4 1 3 1.0 1.0 1.0 1.0
4 1 4 1.0 1.0 1.0 1.0
4 2 0 0.0 1.0 0.0 1.0
4 2 1 0.0 0.0 1.0 1.0
4 2 2 0.8810341153856683 0.7765723187046099 0.8081859015419844 0.3883379633520614
4 2 3 0.6509976826876551 0.23200217418841973 0.8630492158389382 0.27302162650042383
4 2 4 1.0 1.0 1.0 1.0
4 3 1 0.0 0.0 1.0 1.0
4 3 2 1.0 1.0 1.0 1.0
4 3 3 1.0 1.0 1.0 1.0
4 3 4 1.0 1.0 1.0 1.0
4 4 0 1.0 0.0 0.0 1.0
4 4 1 0.5773682427876472 0.017761338051402342 0.3830860411898581 0.582933675451453
4 4 2 0.6874049371712792 0.2241899027466273 0.9977081682370899 0.21449856543093726
4 4 3 0.9779472463863417 0.4842215154527374 0.8938660626758507 0.6671582326744763
4 4 4 0.4029262347477792 0.09169385464862567 0.7350654801554568 0.7625315093842114
4 4 5 1.0 0.0 0.0 1.0
4 5 1 1.0 0.0 0.0 1.0
4 5 2 1.0 0.0 0.0 1.0
4 5 3 1.0 0.0 0.0 1.0
4 5 4 1.0 0.0 0.0 1.0
5 0 0 0.0 1.0 0.0 1.0
5 0 1 0.0 1.0 0.0 1.0
5 0 2 0.0 1.0 0.0 1.0
5 0 3 0.0 1.0 0.0 1.0
5 0 4 0.0 1.0 0.0 1.0
5 0 5 0.0 1.0 0.0 1.0
5 1 0 0.0 1.0 0.0 1.0
5 1 1 0.0 1.0 0.0 1.0
5 1 5 0.0 1.0 0.0 1.0
5 4 0 1.0 0.0 0.0 1.0
5 4 1 1.0 0.0 0.0 1.0
5 4 2 1.0 0.0 0.0 1.0
5 4 3 1.0 0.0 0.0 1.0
5 4 4 1.0 0.0 0.0 1.0
5 4 5 1.0 0.0 0.0 1.0
