SIZE 6
SPACE 1.0
0 0 0 0.0 0.0 1.0 1.0
0 0 1 0.0 0.0 1.0 1.0
0 0 2 0.0 0.0 1.0 1.0
0 0 3 0.0 0.0 1.0 1.0
0 0 4 0.0 0.0 1.0 1.0
0 0 5 0.0 0.0 1.0 1.0
0 1 0 0.0 0.0 1.0 1.0
0 1 5 0.0 0.0 1.0 1.0
0 2 0 0.0 0.0 1.0 1.0
0 2 5 0.0 0.0 1.0 1.0
0 3 0 0.0 0.0 1.0 1.0
0 3 5 0.0 0.0 1.0 1.0
0 4 0 0.0 0.0 1.0 1.0
0 4 5 0.0 0.0 1.0 1.0
0 5 0 0.0 0.0 1.0 1.0
0 5 1 0.0 0.0 1.0 1.0
0 5 2 0.0 0.0 1.0 1.0
0 5 3 0.0 0.0 1.0 1.0
0 5 4 0.0 0.0 1.0 1.0
0 5 5 0.0 0.0 1.0 1.0
1 0 0 0.0 0.0 1.0 1.0
1 0 5 0.0 0.0 1.0 1.0
1 1 1 0.7014598964219784 0.3469069725097882 0.5294035229424062 1.0
1 1 2 0.34833778481233824 0.5223445743525472 0.729715160362918 1.0
1 1 3 0.3278247194913295 0.5718584979577847 0.18876203925594437 1.0
1 1 4 0.34726385975029117 0.9276581297191152 0.7623041787703762 1.0
1 2 1 0.29632148740294917 0.09540738218252476 0.8742446007034185 1.0
1 2 2 0.2658370821340952 0.7310152861610318 0.05336669838840569 1.0
1 2 3 0.6955828651362972 0.5214996137050265 0.6593171650168992 1.0
1 2 4 0.5990901649216545 0.8539466293058302 0.965788080876441 1.0
1 3 1 0.9230793329101209 0.5290208317172348 0.013999705875554658 1.0
1 3 2 0.396377636605034 0.6076327743711957 0.537138372309332 1.0
1 3 3 0.8663963511396374 0.8668128469239632 0.6620335648657324 1.0
1 3 4 0.30176441178333613 0.5246209428253631 0.8878410671714155 1.0
1 4 1 0.42829098028138 0.8330144064181905 0.4638301896267001 1.0
1 4 2 0.9208952010903565 0.319928868049128 0.8000743715629911 1.0
1 4 3 0.21244591958083225 0.4576441223872484 0.005868300092109702 1.0
1 4 4 0.5531693147833165 0.7058577805949332 0.24880008699069667 1.0
1 5 0 0.0 0.0 1.0 1.0
1 5 5 0.0 0.0 1.0 1.0
2 0 0 0.0 0.0 1.0 1.0
2 0 5 0.0 0.0 1.0 1.0
2 1 1 0.06405260278696967 0.20564101046974725 0.43433240306210263 1.0
2 1 2 0.6823245749642989 0.3797902386396206 0.6851103244499115 1.0
2 1 3 0.4888508879347272 0.15206574314736254 0.14545938342975862 1.0
2 1 4 0.9447635450150027 0.5708779659963907 0.5171281553278222 1.0
2 2 1 0.32754942821992183 0.18062495771131692 0.6411647879807146 1.0
2 2 2 0.16833591955529326 0.47509525031693967 0.07103025537877328 1.0
2 2 3 0.7942141626354217 0.4442572796582287 0.11533176710087978 1.0
2 2 4 0.49277865241374397 0.26275689673794556 0.03884255015859861 1.0
2 3 1 0.8934087579262132 0.9853971582790175 0.8076267835856407 1.0
2 3 2 0.8867524538481643 0.4574709983377454 0.32461879464149834 1.0
2 3 3 0.05539029331782941 0.7754627192896654 0.9120359675771059 1.0
2 3 4 0.6121277544134697 0.14506291843597108 0.7223244937040406 1.0
2 4 1 0.26142176983468524 0.5501100915452658 0.7196669924744649 1.0
2 4 2 0.4046154097840935 0.7573187357617649 0.5490005793542578 1.0
2 4 3 0.10274695341745532 0.6890576778461787 0.13301858444817527 1.0
2 4 4 0.8731031699858147 0.1624657997327702 0.39716023509297227 1.0
2 5 0 0.0 0.0 1.0 1.0
2 5 5 0.0 0.0 1.0 1.0
3 0 0 0.0 0.0 1.0 1.0
3 0 5 0.0 0.0 1.0 1.0
3 1 1 0.9191924458629026 0.8304946083785673 0.42404850371286873 1.0
3 1 2 0.8663160612719615 0.720887210237302 0.5909875761452941 1.0
3 1 3 0.24944448104674488 0.4047035817316049 0.8583042648382478 1.0
3 1 4 0.14781906723451643 0.001152199143531485 0.04086417724124258 1.0
3 2 1 0.6299737954260448 0.7008768150427449 0.3662910871022266 1.0
3 2 2 0.1039549397538041 0.23466601613084037 0.05813506566135851 1.0
3 2 3 0.8437118944770403 0.11767009449055743 0.9581428763063362 1.0
3 2 4 0.31830852957453526 0.6682733766658134 0.936608934071896 1.0
3 3 1 0.7506934412973191 0.5826626744047655 0.24845432219338648 1.0
3 3 2 0.26741709238571576 0.9249747700331701 0.18873866915620885 1.0
3 3 3 0.9879145980595145 0.7018345476319122 0.15203981722032933 1.0
3 3 4 0.7514462881136393 0.10975660698788625 0.24351843171003063 1.0
3 4 1 0.9909236666197776 0.5402583746666605 0.8067438392136059 1.0
3 4 2 0.9837964365277112 0.45050389598732743 0.5039288028752568 1.0
3 4 3 0.7234047283371653 0.35992656558214176 0.8281942688029481 1.0
3 4 4 0.5399285569054384 0.4764778183587116 0.4922415370946531 1.0
3 5 0 0.0 0.0 1.0 1.0
3 5 5 0.0 0.0 1.0 1.0
4 0 0 0.0 0.0 1.0 1.0
4 0 5 0.0 0.0 1.0 1.0
4 1 1 0.6236174909761539 0.6987043831029985 0.923012925169081 1.0
4 1 2 0.5097359404479468 0.5318447696690898 0.3260011652991657 1.0
4 1 3 0.2560477461901284 0.4220191569173759 0.43749349770819757 1.0
4 1 4 0.7262239701485329 0.011162474451114957 0.05370505196790265 1.0
4 2 1 0.18170902350038198 0.26730348954706307 0.4406002020021669 1.0
4 2 2 0.3543258596074792 0.9341922899731644 0.5098752835405679 1.0
4 2 3 0.8660922801255022 0.022237134062034425 0.48537019783342594 1.0
4 2 4 0.5576922168623968 0.25033616017978855 0.9147512907121638 1.0
4 3 1 0.6697102917949502 0.5762186071226819 0.2324287573085686 1.0
4 3 2 0.26928784675458894 0.7830392749578137 0.6457576698997145 1.0
4 3 3 0.7305743897220416 0.18231956015651452 0.9801304898446854 1.0
4 3 4 0.8475929851895244 0.1539285820323859 0.3357692619122852 1.0
4 4 1 0.22288460715496294 0.2697978795783039 0.7832444156816305 1.0
4 4 2 0.4811643340169496 0.6921928536910601 0.9367980810498671 1.0
4 4 3 0.4480286866398745 0.7177809858032881 0.028067017938264827 1.0
4 4 4 0.7587302516542951 0.22912262219954427 0.9986934140552097 1.0
4 5 0 0.0 0.0 1.0 1.0
4 5 5 0.0 0.0 1.0 1.0
5 0 0 0.0 0.0 1.0 1.0
5 0 1 0.0 0.0 1.0 1.0
5 0 2 0.0 0.0 1.0 1.0
5 0 3 0.0 0.0 1.0 1.0
5 0 4 0.0 0.0 1.0 1.0
5 0 5 0.0 0.0 1.0 1.0
5 1 0 0.0 0.0 1.0 1.0
5 1 5 0.0 0.0 1.0 1.0
5 2 0 0.0 0.0 1.0 1.0
5 2 5 0.0 0.0 1.0 1.0
5 3 0 0.0 0.0 1.0 1.0
5 3 5 0.0 0.0 1.0 1.0
5 4 0 0.0 0.0 1.0 1.0
5 4 5 0.0 0.0 1.0 1.0
5 5 0 0.0 0.0 1.0 1.0
5 5 1 0.0 0.0 1.0 1.0
5 5 2 0.0 0.0 1.0 1.0
5 5 3 0.0 0.0 1.0 1.0
5 5 4 0.0 0.0 1.0 1.0
5 5 5 0.0 0.0 1.0 1.0
