SIZE 5
SPACE 1.0
0 0 0 1.0 1.0 0.0
0 0 1 1.0 1.0 0.0
0 0 2 1.0 1.0 0.0
0 0 3 1.0 1.0 0.0
0 0 4 1.0 1.0 0.0
0 1 0 1.0 0.0 0.0
0 2 0 1.0 0.0 0.0
0 3 0 1.0 0.0 0.0
0 4 0 0.0 0.0 1.0
0 4 1 0.0 0.0 1.0
0 4 2 0.0 0.0 1.0
0 4 3 0.0 0.0 1.0
0 4 4 0.0 0.0 1.0
1 0 0 1.0 1.0 0.0
1 0 1 1.0 1.0 0.0
1 0 2 1.0 1.0 0.0
1 0 3 1.0 1.0 0.0
1 0 4 1.0 1.0 0.0
1 1 0 1.0 0.0 0.0
1 1 1 0.8803429760375031 0.4345108150666921 0.8027045708701147
1 1 2 0.8743386021454701 0.4508142907577033 0.14726065607814998
1 1 3 0.039252613336089204 0.922139511299262 0.715169756980965
1 2 0 1.0 0.0 0.0
1 3 0 1.0 0.0 0.0
1 3 1 0.6713205013103338 0.22634831456904447 0.027643808720498986
1 3 2 0.7391174601676548 0.27740043148744387 0.7288041346233662
1 3 3 0.2936369083829141 0.9227432577487426 0.8399669849693028
1 4 0 0.0 0.0 1.0
1 4 1 0.0 0.0 1.0
1 4 2 0.0 0.0 1.0
1 4 3 0.0 0.0 1.0
1 4 4 0.0 0.0 1.0
2 0 0 1.0 1.0 0.0
2 0 1 1.0 1.0 0.0
2 0 2 1.0 1.0 0.0
2 0 3 1.0 1.0 0.0
2 0 4 1.0 1.0 0.0
2 1 0 1.0 0.0 0.0
2 1 1 0.041528729959311006 0.4522561446355733 0.06208850976868219
2 1 2 0.14735980409199745 0.31789415102757124 0.3422158259388679
2 1 3 0.38958342761239495 0.04433485892562261 0.49281827361320385
2 2 0 1.0 0.0 0.0
2 3 0 1.0 0.0 0.0
2 3 1 0.1789889590892022 0.19294248030748729 0.5409775396418784
2 3 2 0.26426076308483804 0.7596788656819463 0.6309770740003905
2 3 3 0.9501812325084223 0.1319048975850201 0.23561869044854256
2 4 0 0.0 0.0 1.0
2 4 1 0.0 0.0 1.0
2 4 2 0.0 0.0 1.0
2 4 3 0.0 0.0 1.0
2 4 4 0.0 0.0 1.0
3 0 0 1.0 1.0 0.0
3 0 1 1.0 1.0 0.0
3 0 2 1.0 1.0 0.0
3 0 3 1.0 1.0 0.0
3 0 4 1.0 1.0 0.0
3 1 0 1.0 0.0 0.0
3 1 1 0.59937490434808 0.8178290069152871 0.361504042186079
3 1 2 0.8272634729844011 0.05279547115987637 0.26008272070647864
3 1 3 0.6786644604357639 0.03589357338678112 0.9098335697115951
3 2 0 1.0 0.0 0.0
3 3 0 1.0 0.0 0.0
3 3 1 0.11310294154904588 0.801903938570895 0.6675951845889663
3 3 2 0.2989100080251744 0.47526515340943576 0.12842827137133994
3 3 3 0.5252283727935834 0.8976990299608837 0.7253521984702043
3 4 0 0.0 0.0 1.0
3 4 1 0.0 0.0 1.0
3 4 2 0.0 0.0 1.0
3 4 3 0.0 0.0 1.0
3 4 4 0.0 0.0 1.0
4 0 0 1.0 1.0 0.0
4 0 1 1.0 1.0 0.0
4 0 2 1.0 1.0 0.0
4 0 3 1.0 1.0 0.0
4 0 4 1.0 1.0 0.0
4 1 0 0.0 1.0 0.0
4 1 1 0.0 1.0 0.0
4 1 2 0.0 1.0 0.0
4 1 3 0.0 1.0 0.0
4 1 4 0.0 1.0 0.0
4 2 0 0.0 1.0 0.0
4 2 1 0.0 1.0 0.0
4 2 2 0.0 1.0 0.0
4 2 3 0.0 1.0 0.0
4 2 4 0.0 1.0 0.0
4 3 0 0.0 1.0 0.0
4 3 1 0.0 1.0 0.0
4 3 2 0.0 1.0 0.0
4 3 3 0.0 1.0 0.0
4 3 4 0.0 1.0 0.0
4 4 0 0.0 0.0 1.0
4 4 1 0.0 0.0 1.0
4 4 2 0.0 0.0 1.0
4 4 3 0.0 0.0 1.0
4 4 4 0.0 0.0 1.0
