SIZE 5
SPACE 1.0
0 0 0 0.8795866180285868 0.12913021544720615 0.8733304665935249
0 0 1 0.8163191138052359 0.11425414240487419 0.9398306071458487
0 0 2 0.021271621645693295 0.21930531158747157 0.38356721954704875
0 0 3 0.2769426586232998 0.20486328757942818 0.5285273939815616
0 0 4 0.09461408672259664 0.7858344545181977 0.9059913677116657
0 1 0 0.47819143817842513 0.07434559072849956 0.8758847369623881
0 2 0 0.4637374508230554 0.4136772025175268 0.4289875238541302
0 3 0 0.5906724727047824 0.9222934411919708 0.6182200789301429
0 4 0 0.5091097752922344 0.638432261551669 0.8419559384331412
0 4 1 0.7136953986604282 0.39646458539941287 0.10988530450810141
0 4 2 0.655542376371182 0.832685585230057 0.18623522916494617
0 4 3 0.6750907639197744 0.008433226273465655 0.24465733746392193
0 4 4 0.834781395419161 0.10039279410187463 0.7945710786689523
1 0 0 0.4834968905892286 0.9106245093002413 0.08813280559028225
1 0 1 0.27978008688536893 0.4683898905026823 0.9343509452312665
1 0 2 0.04049995059765821 0.7819867034170256 0.21931626204126364
1 0 3 0.418542012162896 0.8891186325195821 0.8412058815778036
1 0 4 0.8637118394757888 0.3664271575157393 0.6387903426635716
1 1 0 0.7938711318902729 0.39013507397144964 0.6145367164870694
1 1 1 0.8803429760375031 0.4345108150666921 0.8027045708701147
1 1 2 0.8743386021454701 0.4508142907577033 0.14726065607814998
1 1 3 0.039252613336089204 0.922139511299262 0.715169756980965
1 2 0 0.09123636286368597 0.912145417271864 0.5031617565695932
1 3 0 0.7697177731471021 0.7677227501694012 0.9489718028776144
1 3 1 0.6713205013103338 0.22634831456904447 0.027643808720498986
1 3 2 0.7391174601676548 0.27740043148744387 0.7288041346233662
1 3 3 0.2936369083829141 0.9227432577487426 0.8399669849693028
1 4 0 0.5969884354324838 0.5865960047172449 0.9916056114195992
1 4 1 0.06879852079577642 0.8916554164795736 0.05313044210818929
1 4 2 0.8431746657580053 0.8171272733542292 0.7250165756499645
1 4 3 0.23038669043031934 0.7119206153743773 0.9486972597828144
1 4 4 0.07722123970405004 0.8611557884097454 0.470658517004659
2 0 0 0.29846892042353956 0.1280996673789745 0.21089772100003534
2 0 1 0.7750277616727712 0.7142952255591745 0.01187161812789217
2 0 2 0.32590269516292025 0.09834474817096506 0.12903517430823308
2 0 3 0.9679817253885842 0.18470988161470026 0.9520747532357017
2 0 4 0.3680261711881697 0.3738956864246308 0.3030646092380178
2 1 0 0.06369643639818989 0.7759339556520053 0.735909909061813
2 1 1 0.041528729959311006 0.4522561446355733 0.06208850976868219
2 1 2 0.14735980409199745 0.31789415102757124 0.3422158259388679
2 1 3 0.38958342761239495 0.04433485892562261 0.49281827361320385
2 2 0 0.8705883633767131 0.8384908439103481 0.055761102825863995
2 3 0 0.7169742246839798 0.6069685801533747 0.6195954020776262
2 3 1 0.1789889590892022 0.19294248030748729 0.5409775396418784
2 3 2 0.26426076308483804 0.7596788656819463 0.6309770740003905
2 3 3 0.9501812325084223 0.1319048975850201 0.23561869044854256
2 4 0 0.45851333755752066 0.33685619593425287 0.07564934463702278
2 4 1 0.7191816657357467 0.9567618111771351 0.7357501141055629
2 4 2 0.5680173611952752 0.563185502427828 0.3542821415910068
2 4 3 0.4771685871350735 0.6320249607527342 0.4386822027406583
2 4 4 0.46194890649445486 0.7682404736867363 0.3243556648663296
3 0 0 0.9920249352040152 0.2126514600051158 0.15965380169024035
3 0 1 0.43885267386241666 0.4600680447326987 0.2850943503704988
3 0 2 0.9068776676947087 0.9696661830827505 0.9715329099078146
3 0 3 0.5455791793847093 0.46407823188634323 0.648220125803802
3 0 4 0.3257280338253945 0.8170831236885647 0.6134990205972088
3 1 0 0.03328972537252095 0.9985346945423877 0.08183518750506213
3 1 1 0.59937490434808 0.8178290069152871 0.361504042186079
3 1 2 0.8272634729844011 0.05279547115987637 0.26008272070647864
3 1 3 0.6786644604357639 0.03589357338678112 0.9098335697115951
3 2 0 0.3660110246743582 0.4540013576243602 0.6195160873828841
3 3 0 0.9050238475548352 0.39173300957955404 0.8704432448265427
3 3 1 0.11310294154904588 0.801903938570895 0.6675951845889663
3 3 2 0.2989100080251744 0.47526515340943576 0.12842827137133994
3 3 3 0.5252283727935834 0.8976990299608837 0.7253521984702043
3 4 0 0.2700490284149206 0.9320085391807571 0.7930426356108161
3 4 1 0.5798445476831693 0.4157117028208076 0.710110504118894
3 4 2 0.24637630444862257 0.044525102331399724 0.30834303845187405
3 4 3 0.023493436002790746 0.9605645159573425 0.9925468843097374
3 4 4 0.15989721847682492 0.28367619930567334 0.29999989774002167
4 0 0 0.27371150490426444 0.24499112436438264 0.4446343112123162
4 0 1 0.44032668288765775 0.19407451586755575 0.9602789444260476
4 0 2 0.7440201530959836 0.8882076543051753 0.31861766751826304
4 0 3 0.003304963841243347 0.7811219286587537 0.20662954147427826
4 0 4 0.34846816392115887 0.2597665829227287 0.15409732283874789
4 1 0 0.9729113946064311 0.6046043511824272 0.8791216928792932
4 1 1 0.08583993397514933 0.8149547816920569 0.33206316489525856
4 1 2 0.9320549137003847 0.7026608066754194 0.6564170711568867
4 1 3 0.12259252284857136 0.39862061380554137 0.020093913185099788
4 1 4 0.4964188702026924 0.2047167387545461 0.5721319684514743
4 2 0 0.4645770353894989 0.30032282989291825 0.036367715873742545
4 2 1 0.976605874195783 0.4680006376519368 0.872700580900225
4 2 2 0.9992391117942856 0.7100830500879032 0.32522747450414946
4 2 3 0.5247807010309351 0.9045919478678115 0.32328321744544586
4 2 4 0.6731252657814237 0.8317361065083547 0.8711409533883695
4 3 0 0.15535703544403967 0.14933726421943272 0.1322390714603212
4 3 1 0.7575381956929773 0.4466302656077279 0.08314244531097381
4 3 2 0.8325810951731898 0.5776326395369946 0.7985250255748518
4 3 3 0.5280656868249997 0.13808491066418616 0.963564069106028
4 3 4 0.4096120548822463 0.6505602049937173 0.02451326308125301
4 4 0 0.7890694688799726 0.12713563653826743 0.7257849632113416
4 4 1 0.221704571826844 0.7576670655247403 0.703783382854528
4 4 2 0.016928636420853738 0.13998968838635628 0.08522217449331293
4 4 3 0.03095220909654195 0.24732544588230254 0.7813332221659065
4 4 4 0.0365363464118067 0.9097776895421943 0.09397226785382462
