SIZE 3
SPACE 1.0
0 0 0 0.7428766321543944 0.3186736858211462 0.3754703255578752 0.5193742736817883
0 0 2 1.0 0.0 0.0 1.0
0 1 2 1.0 0.0 0.0 1.0
1 0 0 0.47998492506934254 0.9201637440603145 0.5031090596108825 0.35408132023865424
1 0 1 0.10473984038990791 0.3697567090100824 0.21455989252180585 0.547561574981254
1 0 2 1.0 0.0 0.0 1.0
1 1 2 1.0 0.0 0.0 1.0
1 2 0 0.0 0.0 1.0 1.0
1 2 1 1.0 1.0 1.0 1.0
1 2 2 1.0 1.0 0.0 1.0
2 0 0 0.0 0.0 1.0 1.0
2 0 1 0.0 1.0 0.0 1.0
2 0 2 1.0 0.0 0.0 1.0
2 1 0 0.9497580770098866 0.40487550136490524 0.9787376430107549 0.6689809323592808
2 1 1 0.0 1.0 0.0 1.0
2 1 2 1.0 0.0 0.0 1.0
2 2 0 1.0 1.0 1.0 1.0
2 2 1 1.0 1.0 1.0 1.0
2 2 2 1.0 0.0 0.0 1.0
